0 0.506481 0.907639 0.022222 0.029167
0 0.498148 0.849306 0.040741 0.087500
0 0.749074 0.799306 0.027778 0.045833
0 0.542130 0.731250 0.067593 0.062500
0 0.630093 0.700000 0.071296 0.080556
0 0.719907 0.723611 0.073148 0.175000
0 0.410185 0.678472 0.166667 0.154167
0 0.456481 0.600694 0.029630 0.029167
0 0.863426 0.643750 0.106481 0.159722
0 0.769907 0.572222 0.032407 0.061111
0 0.700926 0.563889 0.050000 0.075000
0 0.219444 0.511111 0.020370 0.033333
0 0.682870 0.487500 0.023148 0.044444
0 0.912500 0.375000 0.049074 0.044444
0 0.787963 0.350000 0.051852 0.052778
0 0.937963 0.338889 0.037037 0.052778
0 0.901389 0.283333 0.167593 0.161111
0 0.475463 0.393056 0.545370 0.397222
0 0.747222 0.240972 0.085185 0.137500
