0 0.055625 0.838333 0.023750 0.023333
0 0.123125 0.831667 0.026250 0.021667
0 0.189062 0.835000 0.023125 0.033333
0 0.603125 0.820000 0.076250 0.080000
0 0.695312 0.817083 0.048125 0.085833
0 0.834688 0.790000 0.023125 0.035000
0 0.934688 0.802500 0.066875 0.078333
0 0.601875 0.762917 0.016250 0.019167
0 0.712500 0.706667 0.015000 0.040000
0 0.832812 0.695000 0.023125 0.038333
0 0.899062 0.692500 0.023125 0.038333
0 0.964063 0.690000 0.021875 0.038333
0 0.249375 0.653333 0.028750 0.036667
0 0.315625 0.650000 0.031250 0.045000
0 0.061875 0.686250 0.035000 0.134167
0 0.103750 0.685417 0.033750 0.134167
0 0.271562 0.747083 0.123125 0.262500
0 0.145313 0.683750 0.034375 0.135833
0 0.187188 0.682083 0.034375 0.134167
0 0.960938 0.593333 0.021875 0.038333
0 0.890000 0.584583 0.033750 0.060833
0 0.181562 0.600000 0.363125 0.465000
0 0.675625 0.523750 0.648750 0.689167
