0 0.845052 0.991797 0.023438 0.016406
0 0.673698 0.987109 0.031771 0.025781
0 0.700781 0.958594 0.020313 0.018750
0 0.972656 0.845703 0.010937 0.016406
0 0.026302 0.844922 0.026562 0.042969
0 0.597656 0.853516 0.053646 0.061719
0 0.785417 0.780859 0.043750 0.038281
0 0.223438 0.775781 0.012500 0.037500
0 0.259635 0.764453 0.056771 0.033594
0 0.203646 0.755859 0.038542 0.066406
0 0.442448 0.732812 0.041146 0.065625
0 0.493490 0.652734 0.032813 0.035156
0 0.715365 0.700000 0.063021 0.137500
0 0.942708 0.639453 0.023958 0.053906
0 0.146354 0.622656 0.015625 0.023438
0 0.018229 0.612891 0.036458 0.047656
0 0.188021 0.571484 0.013542 0.025781
0 0.418750 0.573828 0.020833 0.046094
0 0.345313 0.486328 0.040625 0.033594
0 0.455990 0.472656 0.010937 0.020313
0 0.490365 0.471875 0.013021 0.021875
0 0.967187 0.464844 0.033333 0.048438
0 0.500521 0.416797 0.027083 0.019531
0 0.532552 0.418359 0.022396 0.028906
0 0.398177 0.425391 0.069271 0.114844
0 0.191927 0.378125 0.018229 0.021875
0 0.128906 0.352734 0.075521 0.153906
0 0.246875 0.474219 0.318750 0.481250
0 0.645833 0.360547 0.514583 0.502344
