0 0.878125 0.860656 0.037500 0.128806
0 0.729688 0.850117 0.078125 0.112412
0 0.370312 0.799766 0.034375 0.049180
0 0.632812 0.777518 0.125000 0.131148
0 0.877344 0.791569 0.154688 0.285714
0 0.749219 0.677986 0.076563 0.142857
0 0.685937 0.638173 0.040625 0.081967
0 0.562500 0.628806 0.046875 0.081967
0 0.228906 0.572600 0.120313 0.114754
0 0.850781 0.535129 0.045312 0.119438
0 0.324219 0.572600 0.089063 0.194379
0 0.764844 0.461358 0.104688 0.140515
0 0.482812 0.448478 0.084375 0.124122
0 0.237500 0.374707 0.037500 0.051522
0 0.363281 0.325527 0.039062 0.060890
0 0.946094 0.286885 0.032813 0.049180
0 0.295312 0.313817 0.062500 0.135831
0 0.982031 0.270492 0.035937 0.077283
0 0.800000 0.264637 0.034375 0.084309
0 0.836719 0.233021 0.042188 0.049180
0 0.391406 0.236534 0.042188 0.079625
0 0.493750 0.250585 0.059375 0.112412
0 0.623437 0.228337 0.043750 0.124122
0 0.775781 0.176815 0.057813 0.128806
0 0.285156 0.160422 0.067187 0.119438
0 0.386719 0.101874 0.067187 0.053864
0 0.710938 0.236534 0.075000 0.337237
0 0.504687 0.084309 0.081250 0.149883
0 0.399219 0.024590 0.079687 0.049180
0 0.294531 0.042155 0.076563 0.084309
0 0.212500 0.037471 0.043750 0.074941
