0 0.548096 0.812174 0.027832 0.013672
0 0.598633 0.783854 0.013672 0.015625
0 0.638428 0.795573 0.052246 0.045573
0 0.652832 0.774089 0.025391 0.014323
0 0.279297 0.757161 0.039062 0.024740
0 0.419922 0.751953 0.019531 0.016927
0 0.266357 0.720703 0.032715 0.018229
0 0.278320 0.704427 0.017578 0.018229
0 0.093994 0.697917 0.018066 0.070312
0 0.309082 0.681966 0.026367 0.044922
0 0.088379 0.651042 0.019531 0.031250
0 0.824951 0.506836 0.057129 0.041016
0 0.875000 0.466797 0.016602 0.014323
0 0.185059 0.271484 0.010742 0.022135
0 0.710205 0.234701 0.016113 0.020182
0 0.885986 0.205404 0.022949 0.018880
0 0.736816 0.194987 0.019531 0.016276
0 0.500000 0.401042 0.649414 0.802083
