0 0.621505 0.945341 0.088172 0.062724
0 0.511828 0.956093 0.129032 0.087814
0 0.456989 0.942652 0.122581 0.064516
0 0.753763 0.944444 0.165591 0.071685
0 0.197849 0.954301 0.395699 0.091398
0 0.878495 0.884409 0.030108 0.062724
0 0.654301 0.875448 0.138710 0.044803
0 0.926344 0.879928 0.035484 0.064516
0 0.088172 0.869176 0.139785 0.057348
0 0.189785 0.823477 0.063441 0.037634
0 0.135484 0.757168 0.055914 0.044803
0 0.156989 0.665771 0.049462 0.069892
0 0.779570 0.743728 0.440860 0.301075
0 0.601613 0.605735 0.072043 0.179211
0 0.760215 0.597670 0.058065 0.166667
0 0.303226 0.431900 0.606452 0.863799
