0 0.422902 0.885965 0.011338 0.009649
0 0.955499 0.870175 0.008503 0.016667
0 0.835459 0.862061 0.007653 0.010965
0 0.183957 0.853289 0.006803 0.009211
0 0.449546 0.863816 0.022676 0.032895
0 0.221939 0.852632 0.009637 0.010526
0 0.421910 0.856140 0.024093 0.019298
0 0.637613 0.850439 0.013322 0.011404
0 0.872874 0.856140 0.019558 0.026316
0 0.764739 0.848246 0.012472 0.012281
0 0.897392 0.852412 0.015306 0.024123
0 0.954649 0.844298 0.018707 0.013158
0 0.174603 0.845175 0.017007 0.014912
0 0.847364 0.840132 0.012755 0.010088
0 0.336026 0.841886 0.025794 0.033772
0 0.322562 0.831360 0.013605 0.017982
0 0.632370 0.828070 0.013605 0.019298
0 0.375283 0.830921 0.037982 0.027632
0 0.656321 0.817982 0.006519 0.012281
0 0.567885 0.815570 0.010488 0.009211
0 0.263180 0.795395 0.017857 0.015351
0 0.275368 0.789474 0.013889 0.016667
0 0.608702 0.785746 0.009354 0.015351
0 0.656037 0.778070 0.009354 0.015789
0 0.501134 0.769518 0.015873 0.018860
0 0.276077 0.772149 0.019274 0.033772
0 0.666100 0.760526 0.006236 0.014035
0 0.233844 0.762719 0.009070 0.021930
0 0.023951 0.753509 0.031463 0.049123
0 0.692885 0.710526 0.028061 0.035965
0 0.709184 0.685746 0.006236 0.012719
0 0.691043 0.665570 0.009070 0.011842
0 0.643141 0.664254 0.007370 0.010088
0 0.778770 0.752193 0.068878 0.200877
0 0.705357 0.653509 0.009921 0.010526
0 0.920210 0.743421 0.079649 0.192105
0 0.465136 0.634868 0.007370 0.011842
0 0.727041 0.630482 0.009637 0.012719
0 0.105726 0.626535 0.006236 0.009211
0 0.754960 0.623465 0.009354 0.009211
0 0.714711 0.622588 0.012188 0.017105
0 0.089144 0.622149 0.009354 0.022368
0 0.740079 0.614912 0.006803 0.009649
0 0.561366 0.600000 0.012188 0.014035
0 0.520266 0.514254 0.028061 0.045175
0 0.560374 0.511623 0.048186 0.063596
0 0.175170 0.635088 0.193311 0.400000
0 0.470947 0.614035 0.420918 0.470175
