0 0.557129 0.980114 0.022461 0.039773
0 0.543945 0.887311 0.087891 0.164773
0 0.733887 0.856061 0.086914 0.117424
0 0.233398 0.800189 0.052734 0.070076
0 0.297852 0.880682 0.041016 0.238636
0 0.362793 0.704545 0.020508 0.079545
0 0.233887 0.682765 0.028320 0.039773
0 0.196289 0.694129 0.031250 0.085227
0 0.322266 0.621212 0.035156 0.098485
0 0.213867 0.577652 0.041016 0.056818
0 0.309082 0.557765 0.024414 0.051136
0 0.887207 0.462121 0.030273 0.056818
0 0.229492 0.441288 0.046875 0.094697
0 0.867188 0.404356 0.074219 0.051136
0 0.940918 0.397727 0.053711 0.090909
0 0.876953 0.491477 0.246094 0.422348
