0 0.932500 0.951311 0.032500 0.052434
0 0.460000 0.833333 0.055000 0.142322
0 0.408125 0.791199 0.026250 0.073034
0 0.452500 0.712547 0.045000 0.091760
0 0.173125 0.649813 0.033750 0.056180
0 0.240625 0.562734 0.163750 0.204120
0 0.098125 0.552434 0.091250 0.205993
0 0.411250 0.513109 0.092500 0.168539
0 0.590625 0.609551 0.228750 0.529963
0 0.091875 0.316479 0.026250 0.078652
0 0.398125 0.296816 0.071250 0.088015
0 0.263125 0.229401 0.058750 0.088015
0 0.846875 0.570225 0.306250 0.844569
0 0.170000 0.223783 0.132500 0.181648
0 0.985625 0.107678 0.028750 0.076779
