0 0.139063 0.884375 0.043750 0.085417
0 0.531250 0.845833 0.062500 0.062500
0 0.936719 0.867708 0.126562 0.118750
0 0.198437 0.807292 0.037500 0.043750
0 0.046094 0.777083 0.042188 0.066667
0 0.699219 0.759375 0.039062 0.056250
0 0.029687 0.682292 0.059375 0.064583
0 0.158594 0.634375 0.070312 0.143750
0 0.505469 0.479167 0.048438 0.062500
0 0.338281 0.535417 0.148438 0.250000
0 0.632031 0.428125 0.101562 0.110417
0 0.756250 0.365625 0.050000 0.056250
0 0.437500 0.367708 0.071875 0.110417
0 0.503906 0.156250 0.510938 0.312500
