0 0.128462 0.982500 0.121299 0.035000
0 0.032474 0.975000 0.057307 0.050000
0 0.969914 0.966667 0.039160 0.040000
0 0.625597 0.950000 0.057307 0.080000
0 0.988061 0.891667 0.023878 0.046667
0 0.803247 0.934167 0.288443 0.131667
0 0.407354 0.898333 0.029608 0.073333
0 0.313276 0.930833 0.242598 0.138333
0 0.183381 0.780000 0.162369 0.073333
0 0.540592 0.620000 0.145177 0.143333
0 0.478032 0.546667 0.054441 0.110000
0 0.025788 0.349167 0.030564 0.068333
0 0.208691 0.525833 0.411652 0.478333
0 0.806590 0.431667 0.379179 0.636667
