0 0.267843 0.931312 0.065758 0.080446
0 0.479952 0.915223 0.023256 0.058168
0 0.301123 0.885520 0.016840 0.028465
0 0.325982 0.874381 0.018444 0.028465
0 0.010024 0.845916 0.020048 0.035891
0 0.113071 0.846535 0.040096 0.054455
0 0.491981 0.839728 0.026464 0.068069
0 0.534082 0.868193 0.080192 0.139851
0 0.456295 0.790223 0.024058 0.033416
0 0.023657 0.784653 0.024860 0.054455
0 0.265036 0.814975 0.133921 0.142327
0 0.122294 0.754950 0.044106 0.121287
0 0.908581 0.760520 0.182839 0.377475
0 0.094226 0.550124 0.029671 0.058168
0 0.146351 0.491337 0.021652 0.039604
0 0.955493 0.464728 0.026464 0.025990
0 0.083400 0.426980 0.022454 0.027228
0 0.981957 0.410891 0.036087 0.042079
0 0.063352 0.405941 0.024058 0.032178
0 0.730152 0.387376 0.023256 0.042079
0 0.933440 0.350248 0.019246 0.037129
0 0.185646 0.277228 0.039294 0.034653
0 0.981155 0.264851 0.037690 0.044554
0 0.873697 0.196782 0.031275 0.032178
0 0.761828 0.192450 0.017642 0.033416
0 0.155172 0.171411 0.018444 0.028465
0 0.869286 0.163366 0.019246 0.029703
0 0.981155 0.172030 0.037690 0.076733
0 0.921010 0.144802 0.157979 0.289604
0 0.485164 0.482054 0.663994 0.964109
0 0.041700 0.019802 0.030473 0.039604
