0 0.418333 0.978333 0.094444 0.043333
0 0.542222 0.977500 0.106667 0.045000
0 0.661667 0.970833 0.121111 0.058333
0 0.983889 0.940000 0.032222 0.043333
0 0.810556 0.959167 0.185556 0.081667
0 0.417222 0.933333 0.027778 0.040000
0 0.452222 0.907500 0.064444 0.051667
0 0.103333 0.848333 0.037778 0.046667
0 0.153889 0.848333 0.047778 0.100000
0 0.545000 0.801667 0.056667 0.053333
0 0.033333 0.839167 0.066667 0.145000
0 0.611667 0.798333 0.045556 0.090000
0 0.022778 0.688333 0.045556 0.073333
0 0.408333 0.673333 0.041111 0.076667
0 0.910000 0.652500 0.051111 0.038333
0 0.185000 0.679167 0.054444 0.095000
0 0.243889 0.655000 0.054444 0.106667
0 0.356111 0.594167 0.025556 0.081667
0 0.028889 0.573333 0.040000 0.043333
0 0.098333 0.645833 0.134444 0.195000
0 0.457222 0.594167 0.032222 0.115000
0 0.908333 0.577500 0.056667 0.091667
0 0.983333 0.511667 0.033333 0.066667
0 0.109444 0.408333 0.101111 0.080000
0 0.756111 0.351667 0.036667 0.093333
0 0.465556 0.395000 0.120000 0.230000
0 0.915000 0.267500 0.036667 0.041667
0 0.828333 0.260000 0.034444 0.050000
0 0.771667 0.275000 0.070000 0.083333
0 0.760556 0.185833 0.030000 0.035000
0 0.293333 0.359167 0.266667 0.471667
0 0.130000 0.079167 0.026667 0.045000
