0 0.969200 0.902819 0.047200 0.044391
0 0.907200 0.855129 0.061600 0.061788
0 0.884800 0.819136 0.017600 0.020996
0 0.892800 0.733953 0.016800 0.025795
0 0.782000 0.765747 0.076800 0.116977
0 0.652200 0.688662 0.018000 0.044391
0 0.759200 0.673965 0.020800 0.032993
0 0.698000 0.688062 0.074400 0.131974
0 0.639600 0.641572 0.041600 0.052190
0 0.373200 0.565087 0.008800 0.014397
0 0.431600 0.563587 0.010400 0.012597
0 0.447400 0.562987 0.017200 0.022196
0 0.577200 0.589982 0.069600 0.082184
0 0.282800 0.552490 0.008800 0.020396
0 0.257000 0.546191 0.008400 0.019796
0 0.145800 0.546491 0.010000 0.020396
0 0.203000 0.531794 0.014800 0.034193
0 0.553600 0.510198 0.017600 0.030594
0 0.466600 0.506899 0.140400 0.165567
0 0.416400 0.423215 0.013600 0.020996
0 0.384200 0.424115 0.010800 0.041992
0 0.330600 0.373125 0.090000 0.110378
0 0.246000 0.268746 0.046400 0.074385
0 0.220800 0.219856 0.008800 0.029394
0 0.200000 0.185663 0.023200 0.043791
0 0.163200 0.161068 0.028800 0.059388
0 0.136000 0.137972 0.023200 0.026395
0 0.067600 0.127774 0.019200 0.013197
0 0.104600 0.123575 0.031600 0.028794
0 0.043400 0.108578 0.009200 0.014397
0 0.073800 0.095081 0.008400 0.017397
0 0.061400 0.097181 0.012400 0.026395
0 0.097000 0.062987 0.015600 0.016797
