0 0.542969 0.894907 0.015104 0.021296
0 0.846354 0.919444 0.029167 0.161111
0 0.289583 0.834259 0.011458 0.035185
0 0.110417 0.875926 0.104167 0.138889
0 0.181250 0.825000 0.034375 0.044444
0 0.794531 0.811574 0.011979 0.025000
0 0.661979 0.782407 0.015625 0.031481
0 0.281250 0.777778 0.023958 0.075926
0 0.036198 0.784259 0.040104 0.109259
0 0.718750 0.785648 0.095833 0.123148
0 0.267708 0.735185 0.027083 0.048148
0 0.845052 0.724074 0.017188 0.029630
0 0.672917 0.722222 0.014583 0.027778
0 0.708073 0.701389 0.017188 0.025000
0 0.672135 0.679630 0.013021 0.022222
0 0.056771 0.696759 0.052083 0.071296
0 0.105990 0.665278 0.045312 0.069444
0 0.846094 0.644907 0.023438 0.121296
0 0.305469 0.587963 0.011979 0.025926
0 0.213281 0.674537 0.034896 0.247222
0 0.209115 0.515278 0.014063 0.023148
0 0.051823 0.573148 0.028646 0.194444
0 0.530469 0.481944 0.015104 0.037963
0 0.849219 0.443981 0.011979 0.025000
0 0.620052 0.443056 0.017188 0.056481
0 0.143490 0.436574 0.139063 0.173148
0 0.702344 0.504167 0.152604 0.426852
0 0.531510 0.336574 0.017188 0.100926
0 0.611719 0.209722 0.010937 0.023148
0 0.528646 0.226389 0.017708 0.056481
0 0.695833 0.198611 0.014583 0.021296
0 0.956510 0.213889 0.013021 0.087037
0 0.908594 0.173611 0.017188 0.021296
0 0.768229 0.175926 0.013542 0.040741
0 0.628906 0.174074 0.019271 0.037037
0 0.548177 0.182407 0.019271 0.125926
0 0.210417 0.217593 0.073958 0.244444
0 0.770052 0.099537 0.029687 0.019444
0 0.565365 0.037500 0.021354 0.028704
0 0.012760 0.040741 0.015104 0.059259
0 0.641146 0.100463 0.086458 0.195370
0 0.916146 0.442130 0.127083 0.884259
0 0.716146 0.142130 0.054167 0.284259
0 0.682031 0.027778 0.038021 0.055556
0 0.515104 0.099537 0.079167 0.199074
0 0.414844 0.500000 0.423438 1.000000
0 0.158073 0.184722 0.160938 0.369444
